G = 0.3509    0.6541    0.1389    0.6033

1 erro abaixo
real(:,21)

ans =

     0
     1
     0

>> FF(:,21)

ans =

    0.0033
    0.0222
    0.9890

>> FFDBN(:,21)

ans =

   -0.0009
    0.2098
    0.8068

>> ELMDBN(:,21)

ans =

     0
     0
     1

>> ELM(:,21)

ans =

     0
     0
     1